823
329
576
412
494
413
164
492
165
162
576
244
411
574
82
247
163
661
164
246
82
656
82
82
165
656
82
163
411
165
165
82
166
246
246
82
494
246
330
413
165
247
82
165
82
165
820
164
411
491
246
246
164
248
409
494
165
82
489
329
247
410
82
82
83
493
165
248
575
164
329
165
329
246
247
330
409
164
410
81
245
412
82
410
165
82
82
82
246
329
329
82
657
163
82
165
82
164
82
328
659
82
246
493
166
164
330
493
82
82
164
165
331
329
739
163
82
493
164
246
412
83
410
83
246
81
411
246
247
326
491
247
83
247
411
327
332
163
247
82
82
83
573
83
655
165
247
83
247
493
82
493
328
164
410
165
329
657
165
82
492
82
493
83
494
82
329
246
166
246
494
327
163
413
163
82
245
738
82
246
83
164
83
246
164
82
246
82
822
328
329
329
247
164
165
247
575
82
329
82
327
741
247
248
411
164
247
165
82
413
579
166
164
163
330
328
82
166
165
245
331
246
83
