0.0001221 0.0007849 0.0003436 0.0007849
0.0001221 0.0007849 0.0003554 0.0006490
0.0001590 0.0004609 0.0003287 0.0004609
0.0001731 0.0004599 0.0002599 0.0004599
0.0001221 0.0007849 0.0003408 0.0006490
0.0001221 0.0007849 0.0003601 0.0006490
0.0001731 0.0005889 0.0003256 0.0005889
0.0001221 0.0007849 0.0003879 0.0006490
0.0001590 0.0004661 0.0003514 0.0004661
0.0001731 0.0009880 0.0004358 0.0009880
0.0001221 0.0007849 0.0003865 0.0006490
0.0001590 0.0004661 0.0003301 0.0004609
0.0001731 0.0009880 0.0004240 0.0007610
0.0001221 0.0007849 0.0003618 0.0005851
0.0001731 0.0009880 0.0004201 0.0007610
0.0001590 0.0004661 0.0003243 0.0004609
0.0001731 0.0009880 0.0004295 0.0007610
0.0001221 0.0007849 0.0003543 0.0005701
0.0001590 0.0008759 0.0003496 0.0004661
0.0001731 0.0009880 0.0004082 0.0007610
0.0001590 0.0013559 0.0004055 0.0008759
0.0001221 0.0007849 0.0003573 0.0005701
0.0001590 0.0013559 0.0004168 0.0008759
0.0001221 0.0007849 0.0003585 0.0005701
0.0001731 0.0009880 0.0004045 0.0006549
0.0001221 0.0007849 0.0003544 0.0005701
0.0001662 0.0009880 0.0003941 0.0006549
0.0001469 0.0013559 0.0003929 0.0006199
0.0001020 0.0007849 0.0003474 0.0005152
0.0001662 0.0009880 0.0003880 0.0006549
0.0001469 0.0013559 0.0003796 0.0006199
0.0001469 0.0013559 0.0003741 0.0006199
0.0001662 0.0009880 0.0003791 0.0006549
0.0001020 0.0007849 0.0003452 0.0005152
0.0001061 0.0013559 0.0003530 0.0006199
0.0001662 0.0009880 0.0003719 0.0006549
0.0001020 0.0007849 0.0003471 0.0005152
0.0001442 0.0009880 0.0003598 0.0006032
0.0001061 0.0013559 0.0003569 0.0006199
0.0001020 0.0009270 0.0003528 0.0005701
0.0001442 0.0009880 0.0003605 0.0006032
0.0001020 0.0009270 0.0003615 0.0005851
0.0001061 0.0013559 0.0003684 0.0006459
0.0001442 0.0009880 0.0003856 0.0007231
0.0001442 0.0009880 0.0003843 0.0007231
0.0001061 0.0013559 0.0003775 0.0006461
0.0001020 0.0018630 0.0003850 0.0006080
0.0001020 0.0018630 0.0003846 0.0006080
0.0001061 0.0013559 0.0003813 0.0006461
0.0001020 0.0018630 0.0003857 0.0006080
0.0001442 0.0009880 0.0003902 0.0007610
0.0001061 0.0013559 0.0003818 0.0006459
0.0001061 0.0013559 0.0003776 0.0006459
0.0001442 0.0009880 0.0003808 0.0007231
0.0001020 0.0018630 0.0003841 0.0005929
0.0001020 0.0018630 0.0003843 0.0005929
0.0001061 0.0013559 0.0003905 0.0006461
0.0001442 0.0009880 0.0003916 0.0007610
0.0001020 0.0018630 0.0003965 0.0006661
0.0001442 0.0031691 0.0004785 0.0008440
0.0001061 0.0013559 0.0004116 0.0007598
0.0001020 0.0020711 0.0004141 0.0006928
0.0001442 0.0037529 0.0005468 0.0008609
0.0001061 0.0013559 0.0004073 0.0007598
0.0001442 0.0037529 0.0005420 0.0008609
0.0001020 0.0020711 0.0004174 0.0007081
0.0001061 0.0013559 0.0004148 0.0007250
0.0001061 0.0013559 0.0004324 0.0007730
0.0001020 0.0020711 0.0004299 0.0007210
0.0001442 0.0037529 0.0005363 0.0008440
0.0001020 0.0020711 0.0004331 0.0007262
0.0001442 0.0037529 0.0005344 0.0008440
0.0001020 0.0029011 0.0004670 0.0007570
0.0001442 0.0037529 0.0005362 0.0008440
0.0001061 0.0013559 0.0004405 0.0007730
0.0001020 0.0029011 0.0004672 0.0007730
0.0001442 0.0037529 0.0005269 0.0008411
0.0001442 0.0037529 0.0005565 0.0008440
0.0001020 0.0029011 0.0004731 0.0007730
0.0001061 0.0013559 0.0004371 0.0007730
0.0001020 0.0029011 0.0004728 0.0007770
0.0001442 0.0037529 0.0005674 0.0008609
0.0001061 0.0013559 0.0004386 0.0007730
0.0000710 0.0029011 0.0004734 0.0007792
0.0001442 0.0037529 0.0005655 0.0008609
0.0001061 0.0013559 0.0004431 0.0007598
0.0001061 0.0013559 0.0004453 0.0007598
0.0001442 0.0037529 0.0005640 0.0008440
0.0000710 0.0029011 0.0004754 0.0007770
0.0001061 0.0014200 0.0004650 0.0007730
0.0000710 0.0029011 0.0004756 0.0007770
0.0001442 0.0037529 0.0005679 0.0008440
0.0000710 0.0029011 0.0004763 0.0007730
0.0001061 0.0014200 0.0004706 0.0007730
0.0001442 0.0037529 0.0005750 0.0008609
0.0000710 0.0029011 0.0004761 0.0007730
0.0001442 0.0037529 0.0005779 0.0008609
0.0001442 0.0037529 0.0005775 0.0008609
0.0001061 0.0014200 0.0004706 0.0007730
0.0000710 0.0029011 0.0004745 0.0007710
0.0000710 0.0091801 0.0005244 0.0007770
0.0001061 0.0014200 0.0004697 0.0007730
0.0001442 0.0037529 0.0005834 0.0008771
0.0000710 0.0091801 0.0005213 0.0007730
0.0001442 0.0037529 0.0005837 0.0008609
0.0001442 0.0037529 0.0005856 0.0008609
0.0001061 0.0014200 0.0004838 0.0007730
0.0000710 0.0091801 0.0005243 0.0007730
0.0001442 0.0037529 0.0005804 0.0008609
0.0001061 0.0014200 0.0004819 0.0007730
0.0000710 0.0091801 0.0005227 0.0007730
0.0000710 0.0091801 0.0005223 0.0007730
0.0001442 0.0037529 0.0005714 0.0008609
0.0001061 0.0014200 0.0004959 0.0008759
0.0000710 0.0091801 0.0005127 0.0007710
0.0001442 0.0037529 0.0005701 0.0008609
0.0001442 0.0037529 0.0005685 0.0008440
0.0000710 0.0091801 0.0005145 0.0007730
0.0001061 0.0014200 0.0004926 0.0007730
0.0001442 0.0037529 0.0005615 0.0008440
0.0000710 0.0091801 0.0005093 0.0007710
0.0001061 0.0014200 0.0004903 0.0007730
0.0000710 0.0091801 0.0005058 0.0007710
0.0001061 0.0014200 0.0004867 0.0007730
0.0001442 0.0037529 0.0005602 0.0008440
0.0001442 0.0037529 0.0005616 0.0008440
0.0000710 0.0091801 0.0005018 0.0007570
0.0001061 0.0014200 0.0004869 0.0007730
0.0001442 0.0037529 0.0005659 0.0008440
0.0000710 0.0091801 0.0005048 0.0007710
0.0000710 0.0091801 0.0005208 0.0007730
0.0001442 0.0037529 0.0005599 0.0008440
0.0001442 0.0037529 0.0005567 0.0008440
0.0001061 0.0014200 0.0004876 0.0008759
0.0000710 0.0091801 0.0005243 0.0007770
0.0000710 0.0091801 0.0005210 0.0007730
0.0001442 0.0037529 0.0005572 0.0008500
0.0001061 0.0014200 0.0004843 0.0007730
0.0000710 0.0091801 0.0005205 0.0007730
0.0001061 0.0014200 0.0004888 0.0008759
0.0001442 0.0037529 0.0005540 0.0008500
0.0001442 0.0037529 0.0005590 0.0008500
0.0000710 0.0091801 0.0005235 0.0007770
0.0001061 0.0014200 0.0004892 0.0008759
0.0000710 0.0091801 0.0005210 0.0007730
0.0001061 0.0014200 0.0004929 0.0008759
0.0000710 0.0091801 0.0005232 0.0007792
0.0001442 0.0037529 0.0005585 0.0008500
0.0001061 0.0014200 0.0004924 0.0008759
0.0000710 0.0091801 0.0005233 0.0007770
0.0001442 0.0037529 0.0005585 0.0008500
0.0000710 0.0091801 0.0005232 0.0007792
0.0001061 0.0014200 0.0005000 0.0008759
0.0001061 0.0014200 0.0005069 0.0008790
0.0000710 0.0091801 0.0005205 0.0007770
0.0001442 0.0037529 0.0005588 0.0008500
0.0001442 0.0037529 0.0005670 0.0008609
0.0000710 0.0116832 0.0005613 0.0007820
0.0001061 0.0014200 0.0005073 0.0008790
0.0000710 0.0116832 0.0005616 0.0007792
0.0001442 0.0037529 0.0005652 0.0008500
0.0001061 0.0014200 0.0005074 0.0008790
0.0000710 0.0116832 0.0005667 0.0007820
0.0001061 0.0014200 0.0005104 0.0008790
0.0000710 0.0116832 0.0005641 0.0007792
0.0001061 0.0014200 0.0005127 0.0008790
0.0001442 0.0037529 0.0005700 0.0008609
0.0000710 0.0116832 0.0005753 0.0007849
0.0001442 0.0037529 0.0005743 0.0008609
0.0001061 0.0014200 0.0005170 0.0008759
0.0000710 0.0116832 0.0005807 0.0007892
0.0001061 0.0020418 0.0005301 0.0008790
0.0001442 0.0037529 0.0005733 0.0008609
0.0000710 0.0116832 0.0005819 0.0007920
0.0001442 0.0037529 0.0005821 0.0008771
0.0001061 0.0020418 0.0005313 0.0008790
0.0001442 0.0037529 0.0005804 0.0008771
0.0000710 0.0116832 0.0005772 0.0007892
0.0001061 0.0020418 0.0005293 0.0008790
0.0000710 0.0116832 0.0005774 0.0007892
0.0001061 0.0020418 0.0005304 0.0008790
0.0001442 0.0037529 0.0005828 0.0008781
0.0001442 0.0037529 0.0005835 0.0008771
0.0000710 0.0116832 0.0005761 0.0007849
0.0001061 0.0020418 0.0005387 0.0008790
0.0000710 0.0116832 0.0005751 0.0007849
0.0001442 0.0037529 0.0005956 0.0008869
0.0001442 0.0037529 0.0005962 0.0008869
0.0000710 0.0116832 0.0005707 0.0007849
0.0001061 0.0020418 0.0005314 0.0008790
0.0001442 0.0037529 0.0005937 0.0008869
0.0001061 0.0020418 0.0005387 0.0009012
0.0000710 0.0116832 0.0005720 0.0007920
0.0000710 0.0116832 0.0005784 0.0007970
0.0001061 0.0020418 0.0005358 0.0008790
0.0001442 0.0037529 0.0005926 0.0008781
0.0000710 0.0116832 0.0005719 0.0007920
0.0001442 0.0037529 0.0005900 0.0008781
0.0000710 0.0116832 0.0005696 0.0007920
0.0001061 0.0020418 0.0005331 0.0008790
0.0001442 0.0037529 0.0005814 0.0008781
0.0000710 0.0116832 0.0005710 0.0007970
0.0001061 0.0020418 0.0005312 0.0008790
0.0000710 0.0116832 0.0005705 0.0007920
0.0001061 0.0020418 0.0005256 0.0008790
0.0001442 0.0037529 0.0005790 0.0008781
0.0000710 0.0116832 0.0005686 0.0007920
0.0001061 0.0020418 0.0005219 0.0008759
0.0001061 0.0020418 0.0005197 0.0008759
0.0001309 0.0037529 0.0005720 0.0008771
0.0000710 0.0116832 0.0005649 0.0007892
0.0001309 0.0037529 0.0005689 0.0008771
0.0001061 0.0020418 0.0005165 0.0008759
0.0000710 0.0116832 0.0005638 0.0007892
0.0001309 0.0037529 0.0005653 0.0008771
0.0000710 0.0116832 0.0005638 0.0007892
0.0001061 0.0020418 0.0005167 0.0008759
0.0001309 0.0037529 0.0005639 0.0008621
0.0000710 0.0116832 0.0005644 0.0007920
0.0001061 0.0020418 0.0005189 0.0008759
0.0000710 0.0116832 0.0005645 0.0007970
0.0001309 0.0037529 0.0005622 0.0008621
0.0000710 0.0116832 0.0005636 0.0007970
